









111000













011000100110101

1110101110001010110





110
01100011010


111010111000101010



1110101110001011
011000100110100


1001110
0110001100
000011

1110101111111
10011111100
1110101110000
1110101111100
1110101010001
1110101111101
1110101110010
1110101010010
1110101010011
1110101110011
1110101111110
011000110110



1110101000

1110101011
000010111
11101011101
1001111111
11101011000
0000101100
100111110
011000101
0110000
10011110110
1110101010000
01100010010
1110101001
0000101101
11101010101
11101011001
1110101110001001
011000100111
1110101101
00001010
0110001001100
11101011100011
011000111

11101011110
111010111000100001
11101011100010001

11101011100010100



1000
000001
100110
10111
001
100100
101100
11111
0001
0110001000
0110011
01101
111001
0101
0111
000000
10011111101
11110
0100
1010
111011
0110010
101101
1001111010
100101
10011110111





